h <- 13
h